0 0.3424780421875 0.8730558578125001 0.359138284375 0.9052292046874999 0.39960681249999996 0.9238359968750001 0.46433472656249997 0.9177984625000001 0.5056163031249999 0.89048090625 0.5295931921875 0.8468153796875001 0.5332515140625 0.8088959421874999 0.49413631718750006 0.7570558484375 0.44918669062500005 0.7446562484375 0.399047078125 0.7558717609375 0.370628809375 0.7788105875 0.3545980109375 0.783097096875 0.33807638125 0.8253952671875 0.3424780421875 0.8730558578125001
0 0.365875746875 0.50615290625 0.409769540625 0.5185217640625 0.4664621984375 0.52809443125 0.521752078125 0.5201976953125 0.5434636921875 0.45428441406250003 0.49183213593749997 0.4242617109375 0.44636695625 0.42452241874999996 0.4022401078125 0.4438350625 0.37968098906250003 0.45268474531249997 0.36307019375 0.4712141015625 0.365875746875 0.50615290625
0 0.9329356546875 0.806272921875 0.9590092109375 0.8149541203125 0.9792633343749999 0.8107905703125 0.9793030546875 0.78385668125 0.9705094609374999 0.766172096875 0.9255995562500001 0.7268386078125 0.8998085 0.7371786078125 0.897116840625 0.7513599703125 0.9095537609375001 0.7834103609375 0.9329356546875 0.806272921875
0 0.6055793890625 0.40856046093750004 0.64208236875 0.4207141375 0.665439540625 0.4182253484375 0.6875228234375 0.3951020796875 0.6764242359375 0.38210363125 0.6408482015625 0.37314577031249996 0.6069971609375 0.3737446203125 0.5971724609375 0.38138065 0.5932316390625 0.4002788875 0.6055793890625 0.40856046093750004
0 0.3272266546875 0.3909497984375 0.3451757828125 0.3914723828125 0.39479984218749997 0.3929171765625 0.43575919843750005 0.373512309375 0.44062696562500003 0.3578098890625 0.3991026078125 0.33917235625000003 0.3779859875 0.33855755 0.347237996875 0.3408311609375 0.312202240625 0.34456434687500004 0.302377540625 0.352200375 0.300741709375 0.3664124796875 0.3272266546875 0.3909497984375
0 0.4137950734375 0.3158339078125 0.42297533437499996 0.324023259375 0.45605304062499996 0.34241486875 0.47367995 0.350850146875 0.5262137250000001 0.3587173125 0.55549449375 0.3405568421875 0.5457739578125 0.319676440625 0.5292028828124999 0.31127190625 0.5008887765625001 0.305694303125 0.462492190625 0.3140828828125 0.4585266453125 0.3076297671875 0.4385302984375 0.30546316406249996 0.4137950734375 0.3158339078125
0 0.36903878125 0.2986866921875 0.40295426250000005 0.2965053046875 0.41191646718749997 0.2840909203125 0.40801536406250005 0.2760552671875 0.37237488281250003 0.26867994375 0.348026325 0.26955545625 0.3266519265625 0.27527080625 0.309436409375 0.282691653125 0.317238615625 0.2987629578125 0.36903878125 0.2986866921875
0 0.3887923484375 0.2548982046875 0.41249646406249996 0.26984807499999997 0.43994807187499996 0.27064732343750003 0.45914636406250003 0.2664530328125 0.464078575 0.2491680734375 0.43912529375 0.238935078125 0.416888396875 0.2398720703125 0.4072570296875 0.24276048281249998 0.3869384609375 0.248506571875 0.3887923484375 0.2548982046875
0 0.562062534375 0.3090597765625 0.5875958109375 0.305049928125 0.5923346890625 0.2925125859375 0.5770127765625 0.279391175 0.5547758796875 0.2803281640625 0.5376892515625 0.2845839375 0.531830096875 0.29867308124999997 0.5400834125 0.3036666171875 0.562062534375 0.3090597765625
0 0.6634717625000001 0.36271354843750003 0.6759236796875 0.34247869375 0.6469404078125 0.327375121875 0.6247035109375 0.328312115625 0.607423546875 0.3373154984375 0.6007663421875 0.3450437484375 0.6096888234375 0.35956325625 0.6634717625000001 0.36271354843750003
0 0.65398428125 0.31015164375 0.672409240625 0.3249478125 0.6901650359375 0.33021801093750003 0.7103547156250001 0.327637 0.71720525625 0.3151611359375 0.7059777796875 0.3053277640625 0.6976600171875 0.301916765625 0.6830072734375 0.2983213234375 0.667298696875 0.29469514375 0.6599078765625 0.29447996249999997 0.653315115625 0.3006256734375 0.65398428125 0.31015164375