0 1 0.5080201171875001 0.9846732328125001 0.5112086453125 0.978055203125 0.52351145625 0.9669969937499999 0.5418665203125 0.9575314921875 0.566802625 0.9622266984375001 0.5945902640625 0.9758867546875001 0.6167222234375 0.9888194875 0.6153194515625 1 0.508748828125 1 0.5080201171875001
0 0.9367433609375 0.48929368125000006 0.9183927984375 0.482854190625 0.8945146968750001 0.5000856078125 0.8801881500000001 0.5133231296874999 0.8595768187499999 0.52117871875 0.8352778546874999 0.5206592921875 0.8135760359375 0.5171467890625 0.7886058796875 0.5085167359375 0.7598635984375 0.4850628296875 0.747965225 0.48240958906250003 0.740425678125 0.49624198750000004 0.7396747 0.5251626296875 0.7487271671875 0.5549425375 0.7742011078125 0.5732788984375 0.8084693609375 0.5585685312499999 0.8395537624999999 0.5451894609375 0.8589932484375 0.5485036734375 0.8716472984375001 0.565716384375 0.8916750562500001 0.5851857515625001 0.9136303328125001 0.608044784375 0.9170660765624999 0.611566640625 0.9346609625 0.6034466625 0.9452138203124999 0.5608919140624999 0.9435334937500001 0.5188752953125 0.9367433609375 0.48929368125000006
0 0.7525587171875 0.344321315625 0.7342065875 0.3233884546875 0.7240667640625 0.3112271921875 0.6903836515624999 0.3131059734375 0.672705846875 0.329270478125 0.67698331875 0.36829401875 0.6678573296875 0.433518859375 0.6801750015625 0.439429571875 0.7024650921875 0.45909723125 0.7063201343750001 0.465876559375 0.72592859375 0.4820884546875 0.7467886828125 0.45009928125 0.7497988624999999 0.39239019062499997 0.74979573125 0.363403453125 0.7525587171875 0.344321315625
0 0.6419907140625 0.6583123203125 0.674584903125 0.6595588125 0.6884092328125 0.6511083484375 0.6977918125 0.6342167734374999 0.7103551140625 0.5870071593749999 0.7066659109375 0.564138775 0.69032735625 0.567537790625 0.6629305921875 0.5892918765624999 0.6474322015625 0.613699203125 0.6354524734375 0.6335838593750001 0.6419907140625 0.6583123203125
0 0.531469609375 0.630911284375 0.5445398265625 0.622394721875 0.556604040625 0.6089589078125 0.579812515625 0.5981102375 0.5969881015625 0.5867327921875 0.611733946875 0.5767527375 0.63309625625 0.5399765046875 0.615836184375 0.5449051093749999 0.58977866875 0.5538937046875 0.5478003328125001 0.555045415625 0.533893084375 0.5715404078125 0.52166303125 0.6010652796875 0.531469609375 0.630911284375
0 0.42634309375 0.900289171875 0.4146152578125 0.9250269843750001 0.42358480624999995 0.96285141875 0.43573507187500005 0.970357815625 0.46053625781249996 0.9660901828125 0.47578432031249995 0.951323071875 0.47796060156250003 0.9305791515624999 0.4787960671875 0.9081073500000001 0.48482269218749996 0.85066265 0.47602368281249996 0.8402292671874999 0.46043924062499997 0.84369438125 0.456501278125 0.84495958125 0.45030254843749995 0.860519859375 0.4371494109375 0.8770809500000001 0.42634309375 0.900289171875
0 0.3583917296875 0.91687831875 0.34599113593749997 0.9190121359375001 0.33920570156249996 0.9329106312500001 0.3352693046875 0.9486692015625 0.33594206249999997 0.9712731968749999 0.34541069687500003 0.9753238359375 0.353079728125 0.9811491671875 0.38192699375 0.98367760625 0.38931655468750004 0.9775617859375 0.39417446875 0.9602736265624999 0.39517890625 0.9506995109374999 0.389396340625 0.9405305187499999 0.389228934375 0.9421262046875001 0.37850240468749996 0.928303159375 0.3686144734375 0.9209950546875 0.3583917296875 0.91687831875
0 0.3256317 0.9317208812500001 0.33099339843750003 0.9241390359375 0.3396218671875 0.9071813609375001 0.3388661890625 0.89262189375 0.3387801390625 0.8716796812500001 0.3395326828125 0.8572524093749999 0.3414570734375 0.8316553328125 0.3466482328125 0.79668243125 0.341033075 0.7849177515625 0.32896729375 0.783860196875 0.315729671875 0.7939724453125 0.30433664843749997 0.8155188843750001 0.3021619328125 0.8507561750000001 0.2902666921875 0.877089675 0.2846562328125 0.90880510625 0.289099546875 0.9317395875000001 0.2967251453125 0.9388494015625 0.311388071875 0.9369138781249999 0.3256317 0.9317208812500001
0 0.1565808765625 0.49015853125 0.1707400171875 0.47851669531249996 0.1901763703125 0.45284416875 0.2064273078125 0.41400957031249996 0.224353871875 0.3737114828125 0.22519090312499998 0.3657330484375 0.2016444828125 0.3507863515625 0.1792730375 0.35365658906249997 0.169051859375 0.364033225 0.15137562031250001 0.394691103125 0.135040196875 0.42707686093749997 0.134874359375 0.443165915625 0.137141390625 0.4868443171875 0.1565808765625 0.49015853125
0 0.07408709531249999 0.84847955625 0.0560713453125 0.8388486937499999 0.0307679421875 0.8479033875 0.0176148046875 0.8644644765624999 0.023400499999999998 0.9036202078125 0.03345740625 0.923825996875 0.041250410937499996 0.9293401265625001 0.058258590624999995 0.9195583640624999 0.0719139453125 0.8982102171875 0.07475985156250001 0.871083553125 0.07408709531249999 0.84847955625
0 0.2883015828125 0.5258591296875 0.2789158703125 0.513763965625 0.2573814546875 0.5086557734375 0.23601601562500002 0.516445265625 0.2314929140625 0.5305420546875 0.23266945625000002 0.562852359375 0.23920612968750002 0.5730874484374999 0.262081359375 0.5799235234375 0.28461864531250003 0.560964225 0.2875506046875 0.5547797734375 0.2883015828125 0.5258591296875
0 0.9533932328124999 0.26530274062500003 0.9450166578125 0.2871135703125 0.9442641125 0.3015408453125 0.95423653125 0.31529779062499996 0.9632013781250001 0.309642115625 0.9704890328125 0.2909565640625 0.9688947562499999 0.26988215625 0.9669672359374999 0.266492490625 0.9533932328124999 0.26530274062500003