0 0.55323070625 0.75531631875 0.581300128125 0.770524428125 0.609756353125 0.788744553125 0.641297853125 0.78218121875 0.6700058609374999 0.769822978125 0.69356870625 0.7824773109375001 0.7139112640625 0.786324721875 0.7462218 0.761345634375 0.7608928171875 0.7291634499999999 0.7663572750000001 0.6903677015625 0.757209103125 0.651669771875 0.7468375859374999 0.611580390625 0.735179775 0.57774415625 0.7136722625 0.5404209265625 0.6922322546874999 0.5198928875 0.6698927546875 0.5086300046875001 0.6275345515625 0.5041763125000001 0.6030092703125 0.5084317296875 0.5701814796875 0.5212482046875 0.5220979140625001 0.5372890671875 0.47665443593749995 0.5576188296875 0.45129716562500005 0.5879345890625001 0.431602315625 0.6054003859375 0.4295469859375 0.6300692828125001 0.43541192500000003 0.6676048828125001 0.4423697546875 0.6973813375 0.461493525 0.724277075 0.4935568359375 0.754316134375 0.52130240625 0.7588676390625 0.5388114734375 0.7569201390625 0.55323070625 0.75531631875
0 0.48764169375 1 0.48259233437500004 0.9861908906249999 0.4639183078125 0.954662571875 0.4363615765625 0.92717729375 0.420907840625 0.90445589375 0.39573485 0.8873981015625001 0.3668334421875 0.8982503375 0.3488791890625 0.9292701890625 0.3368482609375 0.9657412781250001 0.323978296875 1 0.48764169375 1
0 1 0.7714072078124999 0.9990801625 0.7698811421875 0.985492915625 0.7454246203125 0.96694934375 0.7230468984375 0.9449966453125 0.714796028125 0.9405575734375 0.7290374390625 0.9412682234374999 0.7427060546875001 0.9439758203125 0.7637901453125 0.9484240140625 0.798428290625 0.9573158390625001 0.8432648078125 0.9626635265625 0.8686377999999999 0.9684655171875001 0.9138179921875 0.9841801578125 0.9548405843750001 0.9851975171875 0.95625494375 1 0.95460849375 1 0.7714072078124999
0 1 0.459788415625 0.9996010828124999 0.45668204062499995 0.98492094375 0.43998466875000003 0.973074296875 0.429082203125 0.9505413953125 0.4163133140625 0.9258856609375 0.41141812968749997 0.9024532687500001 0.40791439843750005 0.8830777109374999 0.4115970203125 0.87129856875 0.41748974062500005 0.86518640625 0.43497228281250006 0.8564341531249999 0.4481659203125 0.8530925328125001 0.47908795781249996 0.880392915625 0.512711821875 0.8897299296875 0.5284759828125 0.911943534375 0.555028046875 0.9287465078125001 0.5638517109375 0.93833986875 0.5734772875 0.9738752546875 0.5817449 0.9822407078125 0.5655392499999999 0.9897696171874999 0.5509541640625 1 0.5508152703125 1 0.459788415625
0 0.2771233375 0.346102034375 0.2848456453125 0.33302295625 0.2852953921875 0.3283903765625 0.2765385765625 0.3171442375 0.2691355609375 0.31644014062500003 0.252656440625 0.3182730796875 0.2367575171875 0.32462403906250004 0.22336823125 0.3261133015625 0.2079190546875 0.32783168281249997 0.1841673703125 0.3381111234375 0.171745084375 0.3471304171875 0.1519872859375 0.3722408078125 0.149158359375 0.3908856765625 0.17915721874999999 0.3967140703125 0.22093522187499998 0.39664974218750004 0.25936248281249996 0.378627896875 0.26438175625000004 0.36890450625 0.2771233375 0.346102034375
0 0.4086908453125 0.28869755 0.42233647812499997 0.281069703125 0.425808553125 0.2592982625 0.42155831718750003 0.25060589843750003 0.418918228125 0.246316996875 0.41286445 0.231715165625 0.4043010359375 0.22197503125 0.40101780312499996 0.22081270156250002 0.3844082265625 0.21349504531250002 0.36277937968749996 0.21590077812500003 0.3411505328125 0.21830650937499999 0.3226115203125 0.22036856718750003 0.2976994375 0.22161196875 0.2754903921875 0.21949968125 0.25778792500000003 0.219941171875 0.236802225 0.21922033437500002 0.2252794265625 0.21897447187500002 0.21272668593750002 0.218843171875 0.19830745624999999 0.22044699375 0.18961814999999999 0.22599604062499998 0.2033987953125 0.25195856875 0.21691853437500003 0.259619903125 0.25535035625 0.266037834375 0.2606934828125 0.266971046875 0.28161623750000003 0.275336478125 0.3052420265625 0.28034621875 0.3186313125 0.2788569546875 0.359509825 0.28805778125 0.37412245624999996 0.2879599671875 0.39575130468749997 0.285554234375 0.4086908453125 0.28869755
0 0.08466317500000001 0.425554665625 0.0946387734375 0.413752475 0.09933419375 0.39337248125 0.097400196875 0.37831241718749997 0.0939865078125 0.3679994890625 0.0753799890625 0.35326635781250004 0.05465063437499999 0.3464069359375 0.0359811703125 0.33931839375 0.019308646875 0.339645325 0.0019483703125 0.3348964171875 0.0030590546875 0.5258068921875 0.010844659375 0.5177788296875 0.027643075 0.5021627171875 0.0392917640625 0.48711939531250004 0.051390196875 0.467443496875 0.063295234375 0.44626159374999996 0.08466317500000001 0.425554665625
0 0.38103101875 0.39870034374999996 0.38541170625 0.4165433046875 0.388051796875 0.4208322046875 0.4277069625 0.42864158750000003 0.45345559062499996 0.4257776203125 0.46220784375 0.412583978125 0.45950024687499996 0.391499890625 0.450743434375 0.3802537515625 0.4336841140625 0.377568671875 0.41121872187499997 0.38159496718749997 0.40568219531249994 0.37915575 0.3918431625 0.385277590625 0.38103101875 0.39870034374999996
0 0.8237769609375001 0.3402895078125 0.835236809375 0.348179959375 0.8561595656250001 0.356545390625 0.8766955203125001 0.3618988078125 0.88976095625 0.34975294218749997 0.886153865625 0.33793400625 0.8730838734375 0.32564009375 0.861624025 0.3177496421875 0.84147486875 0.31540823906250004 0.8371616875000001 0.31436046875 0.8187531281249999 0.32557312031249996 0.8237769609375001 0.3402895078125
0 0.6448137390625 0.3052045796875 0.6334168375 0.28966953906250004 0.6238864234375 0.272399371875 0.6051540109375 0.272955421875 0.58577845625 0.27663804375 0.591319540625 0.30351704218750003 0.5959565734375001 0.315221415625 0.608190021875 0.32913589375 0.6291757234375 0.3298567328125 0.633875703125 0.3339165171875 0.649644171875 0.3184149609375 0.6448137390625 0.3052045796875
0 0.562755665625 0.39834521562499997 0.56062826875 0.381779146875 0.5434384921875 0.36994346875 0.5286324625 0.36853527656249996 0.515049775 0.36851853437500004 0.5057802703125 0.3695495625 0.49831430781249997 0.37649005625 0.50005490625 0.3900441140625 0.505915284375 0.40313993750000005 0.51492844375 0.40824749374999997 0.54087046875 0.40688953281250007 0.556126246875 0.403665146875 0.562755665625 0.39834521562499997
0 0.7974125484375 0.4929187203125 0.78891208125 0.47553399531249996 0.7731390515625 0.46659577187499995 0.7602624578125 0.45580786875 0.7502193546875 0.45081486875000004 0.7339965765625001 0.446509221875 0.7214438359375 0.4463779234375 0.709988546875 0.4629272484375 0.722671740625 0.47220914687500004 0.73142855625 0.4834552875 0.7510650203125 0.49807386249999996 0.7750776078125 0.5060956140624999 0.7894968421875 0.50449179375 0.7974125484375 0.4929187203125
0 0.7463915046875 0.2908512578125 0.7358986546875 0.29049083593749997 0.72765909375 0.29140730625 0.7163296984375 0.29266745156249996 0.7101500281249999 0.293354803125 0.7028774640625 0.30180130625 0.7122144765625 0.317565465625 0.730240796875 0.327780578125 0.7553462796875 0.3280431828125 0.769504603125 0.30813816875 0.76280768125 0.2966629078125 0.7463915046875 0.2908512578125
0 0.728036771875 0.24553976249999998 0.7152906328124999 0.2439024546875 0.7029312921875001 0.2452771578125 0.6954653296875 0.2522176546875 0.7029987984375 0.2620723453125 0.7151017937499999 0.2668362265625 0.7340276046875001 0.26778618125000003 0.7461935468750001 0.2649054734375 0.7413631125 0.251695090625 0.728036771875 0.24553976249999998
0 0.981483396875 0.315599359375 0.976562340625 0.2772790265625 0.971049990625 0.27502805937499997 0.9515439812500001 0.269560084375 0.9404079843750001 0.27232623437500003 0.9232857171875001 0.2772857453125 0.9205197343749999 0.288286025 0.9335897281250001 0.3005799375 0.96828856875 0.310468115625 0.981483396875 0.315599359375
0 0.48269819687500004 0.1735396109375 0.4885540171875 0.1621956546875 0.4879738171875 0.157677634375 0.47773731406250003 0.1511786328125 0.4564277578125 0.1398011890625 0.4409785796875 0.1415195703125 0.424886259375 0.146364521875 0.41291371874999994 0.150751240625 0.3936686125 0.1635844578125 0.383306215625 0.1723746359375 0.3654778546875 0.1881053109375 0.3841473234375 0.19519385 0.39316048124999997 0.20030140625 0.40184978750000006 0.19475235625 0.4275984140625 0.1918883890625 0.446137428125 0.18982633437500002 0.4665429296875 0.1860291546875 0.48269819687500004 0.1735396109375
0 0.1580045859375 0.19132440625 0.14165135625 0.1778681640625 0.1270387234375 0.1779659796875 0.0971703171875 0.1812881828125 0.08790081093749999 0.1823192109375 0.0714216890625 0.18415215000000001 0.06047909218750001 0.1884243078125 0.057974017187500004 0.21772578125000003 0.066344028125 0.225959909375 0.078190678125 0.23686237187499998 0.0920972171875 0.2475357203125 0.10220326875 0.2448841265625 0.10863928437499999 0.23805819062500003 0.126211296875 0.22846610156249997 0.14635589531249998 0.2063677265625 0.15691169062500002 0.1990835546875 0.1580045859375 0.19132440625
0 0.5091802765625 0.3065431515625 0.49398744843750003 0.3021229515625 0.46579213125 0.3022040203125 0.4503429546875 0.3039224015625 0.45742667656249997 0.31840967343750004 0.46991647187499996 0.32618556718749997 0.49309251718749997 0.3358278828125 0.5106015828125 0.3338803859375 0.5219939265625 0.32497565 0.5091802765625 0.3065431515625
0 0.339720109375 0.14208971875 0.35928906562499996 0.139913103125 0.36224844843750004 0.13041882968750002 0.3547149796875 0.1205641390625 0.33913535 0.11313192187500001 0.3121633765625 0.114604440625 0.291177675 0.11388360312500001 0.2868644953125 0.11283582968750001 0.27379450156249996 0.10054191875 0.270511265625 0.0993795875 0.25679812812499997 0.090212246875 0.2345890796875 0.0880999609375 0.2150201234375 0.0902765765625 0.2060744703125 0.10196420625 0.216697775 0.111475225 0.20640288281250002 0.137060590625 0.20266990156250003 0.1405308375 0.1941739953125 0.147585890625 0.20846733281250002 0.16127125 0.21927947812499998 0.1478484953125 0.24811794062499998 0.144640853125 0.2800462390625 0.1410895328125 0.307211609375 0.14112301875 0.339720109375 0.14208971875
0 0.3501545734375 0.1745345078125 0.3641870046875 0.1699186734375 0.371652965625 0.16297817812499998 0.3715225140625 0.15382758125 0.3503434125 0.151600734375 0.331417603125 0.1506507796875 0.3149384796875 0.15248371875 0.29330963125 0.1548894515625 0.280950290625 0.15626415625 0.273353875 0.15405405156250002 0.27696096406250004 0.16587298749999999 0.2989136625 0.1741238578125 0.31146640468750003 0.174255159375 0.335735340625 0.1761383296875 0.3501545734375 0.1745345078125
0 0.2077028546875 0.204126784375 0.2125962359375 0.2096925734375 0.2232824859375 0.2115589984375 0.2391814078125 0.2052080421875 0.245424025 0.1968760984375 0.255593021875 0.18657991406250002 0.26370213124999997 0.17651284843749998 0.25365902500000004 0.17151985 0.2485093 0.17209264375 0.2237906171875 0.1748420515625 0.21362161875000002 0.1851382359375 0.2090520921875 0.1902290484375 0.2077028546875 0.204126784375
0 0.49153163906249997 0.250460496875 0.478142353125 0.251949759375 0.47009619062499997 0.25437223750000004 0.46546371718749996 0.2671076390625 0.46868400625 0.2759145609375 0.47956365625 0.27928699375 0.4884463640625 0.275243953125 0.5113615 0.2665850765625 0.5188274640625 0.2596445796875 0.50389098125 0.2490857921875 0.49153163906249997 0.250460496875