0 0.435956790625 0.9090909093749999 0.4655349796875 0.9521349859375 0.5156893 0.9538567499999999 0.558127571875 0.9504132234375 0.60056584375 0.8867079890625 0.59670781875 0.8488292015625 0.569701646875 0.8126721765625 0.5555555562500001 0.8161157031249999 0.519547325 0.7937327828125 0.48739711874999997 0.8006198343750001 0.4411008234375 0.845385675 0.435956790625 0.9090909093749999
0 0.7381687234375 0.7868457296875 0.7690329218749999 0.7868457296875 0.80761316875 0.764462809375 0.8166152265625 0.733471075 0.8050411531250001 0.7059228656250001 0.74717078125 0.6749311296875 0.7433127578125001 0.6818181812499999 0.70216049375 0.6766528921875 0.6880144031250001 0.6921487609375 0.7214506171874999 0.7765151515625 0.7381687234375 0.7868457296875
0 0.75874485625 0.540633609375 0.80761316875 0.55268595 0.8796296296874999 0.561294765625 0.9143518515625001 0.561294765625 0.9272119343749999 0.542355371875 0.9040637859375 0.5199724515625 0.8731995890625001 0.4993112953125 0.8024691359375 0.4924242421875 0.7600308640625 0.49586776875 0.740740740625 0.506198346875 0.75874485625 0.540633609375
0 0.48353909375 0.48898071718749997 0.513117284375 0.5027548203125 0.5722736625 0.49586776875 0.5748456796875 0.4803719015625 0.5221193421875 0.44249311249999995 0.4963991765625 0.44077135 0.46167695468750003 0.45454545468749996 0.46296296249999996 0.46831955937499997 0.48353909375 0.48898071718749997
0 0.30349794218750004 0.5268595046875 0.3125 0.5389118453124999 0.322788065625 0.5492424234375 0.3395061734375 0.5561294765625 0.3652263375 0.5578512390625 0.3703703703125 0.5561294765625 0.38580246875 0.525137740625 0.38580246875 0.516528925 0.38194444375000003 0.504476584375 0.35622427968750003 0.4924242421875 0.34079218125 0.48898071718749997 0.3279320984375 0.49414600625 0.3125 0.5010330578125 0.30349794218750004 0.5182506890624999 0.30349794218750004 0.5268595046875
0 0.7831790125 0.411501378125 0.7960390937499999 0.4269972453125 0.8346193421875 0.43388429687499996 0.8487654328125 0.43388429687499996 0.8693415640625 0.4269972453125 0.86419753125 0.413223140625 0.8603395062500001 0.413223140625 0.83590535 0.40633608906249996 0.801183128125 0.40289256250000005 0.7908950625 0.404614325 0.7831790125 0.411501378125
0 0.45653292187499994 0.3822314046875 0.48868312812500003 0.3822314046875 0.4861111109375 0.36157024843749996 0.47710905312499996 0.3546831953125 0.4681069953125 0.3546831953125 0.44753086406250003 0.3546831953125 0.435956790625 0.3667355375 0.4372427984375 0.3736225890625 0.45653292187499994 0.3822314046875
0 0.64943415625 0.304752065625 0.6622942390625 0.31680440781249997 0.6828703703125 0.3305785125 0.7124485593750001 0.3374655640625 0.75488683125 0.3460743796875 0.7600308640625 0.3443526171875 0.7561728390625 0.32885675000000003 0.7343107 0.31336088125 0.7085905343750001 0.3013085390625 0.6725823046875 0.2875344359375 0.6442901234375 0.285812671875 0.64943415625 0.304752065625
0 0.41409465 0.2978650140625 0.432098765625 0.2995867765625 0.45653292187499994 0.2995867765625 0.4719650203125 0.2892561984375 0.4642489703125 0.282369146875 0.44238683125 0.2789256203125 0.417952675 0.2789256203125 0.39994855937499996 0.2789256203125 0.38580246875 0.2909779609375 0.41409465 0.2978650140625
0 0.417952675 0.1584022046875 0.40252057656250007 0.1584022046875 0.379372428125 0.154958678125 0.36779835312500003 0.154958678125 0.35622427968750003 0.1532369140625 0.33693415625 0.154958678125 0.3279320984375 0.1601239671875 0.3240740734375 0.16356749375 0.326646090625 0.175619834375 0.3665123453125 0.1859504125 0.38580246875 0.18422865 0.4050925921875 0.177341596875 0.4192386828125 0.173898071875 0.43981481406249995 0.173898071875 0.45781892968750004 0.177341596875 0.48739711874999997 0.1876721765625 0.513117284375 0.19111570312499998 0.5388374484375 0.1876721765625 0.5375514406249999 0.173898071875 0.525977365625 0.16873278281249998 0.5041152265625 0.16356749375 0.45653292187499994 0.1584022046875 0.435956790625 0.1584022046875 0.417952675 0.1584022046875
0 0.2559156375 0.2152203859375 0.28420781875 0.2238292015625 0.302211934375 0.2221074375 0.3240740734375 0.213498621875 0.32150205781249996 0.20316804375 0.308641975 0.20488980781250002 0.290637859375 0.20488980781250002 0.2726337453125 0.20488980781250002 0.2597736625 0.21177685937500002 0.2559156375 0.2152203859375