0 0.46893128281249996 0.9045353984375 0.5242442984375 0.9582177390625001 0.5671761828124999 0.952178571875 0.6167239890625 0.9393019031250001 0.63730944375 0.8900560499999999 0.619102709375 0.8280675609375001 0.563842325 0.7940140953125 0.5304391625 0.794349253125 0.499211115625 0.82455125625 0.4844288234375 0.8242892062499999 0.46498743749999993 0.866136909375 0.46893128281249996 0.9045353984375
0 0.22248729687500002 0.8007905187500001 0.23781142656249998 0.8294995046875 0.28079594218750004 0.843089209375 0.311504590625 0.83621515625 0.3260159609375 0.8222537375 0.3419500765625 0.7311967359375 0.3246915578125 0.718990384375 0.2848079359375 0.7332747765625001 0.2795543671875 0.7273087171875 0.22834309375 0.7709114890625 0.22248729687500002 0.8007905187500001
0 0.0898685796875 0.6519254812499999 0.124415809375 0.6441921703125 0.1943005859375 0.6196210640625 0.24044638593749998 0.5967928453125 0.2512848296875 0.5586564046875 0.22996944375 0.552714715625 0.18703756093749999 0.5587538828125 0.11807856406249999 0.5813322390625 0.0916148765625 0.6086822390625 0.073182096875 0.636020053125 0.0898685796875 0.6519254812499999
0 0.4770536140625 0.5045475953125 0.503652759375 0.48430932968749996 0.5198802328125 0.45925068125 0.5183297859375 0.44531363281249997 0.48095258281250003 0.4393963140625 0.45571579062499995 0.4468310203125 0.4110376109375 0.49611343124999996 0.416780384375 0.5108975515624999 0.4770536140625 0.5045475953125
0 0.60655675625 0.4898427515625 0.608325490625 0.4983743953125 0.630047253125 0.5256512875 0.635519109375 0.5262119390625 0.6607559015625 0.5187772328125 0.675974765625 0.5082284687499999 0.6840885015625 0.495699146875 0.6905689640625 0.4817499109375 0.68880023125 0.4732182671875 0.6763060750000001 0.45815991250000004 0.659536765625 0.4547716265625 0.6456802546875 0.452516828125 0.631033425 0.4593665140625 0.6079191109375001 0.47703919375000003 0.60655675625 0.4898427515625
0 0.1289472046875 0.5110497859375001 0.143022 0.507899178125 0.1799928234375 0.49248129531249996 0.189604371875 0.474260146875 0.1805122234375 0.4691533453125 0.1699222625 0.46973836718750006 0.1360825265625 0.4808843359375 0.1131865 0.4931516109375 0.1093479203125 0.4940108671875 0.107059784375 0.5088071750000001 0.1289472046875 0.5110497859375001
0 0.476602359375 0.3796626234375 0.508590534375 0.3725021484375 0.52601470625 0.35967422031249996 0.5258792453125001 0.3525624859375 0.5118872765625 0.34319595468749997 0.49141484531249996 0.3477786578125 0.4824581546875 0.34978359062500003 0.4749164546875 0.3586138375 0.476602359375 0.3796626234375
0 0.20431159375000002 0.4031184375 0.24476725156249998 0.3851349671875 0.272781384375 0.37172201718750003 0.29042384375 0.353488684375 0.3007428859375 0.33868019375 0.30196978125 0.3187649015625 0.274173934375 0.326772446875 0.2411771515625 0.34844280625 0.21806283906249999 0.3661154875 0.19949460000000002 0.3863415671875 0.1988397375 0.4025577828125 0.20431159375000002 0.4031184375
0 0.4916106953125 0.2905983671875 0.5159217078125 0.2851564078125 0.5334813390625001 0.27944021406249997 0.5602159437500001 0.26631368125 0.5436649203125 0.2575199875 0.52575154375 0.261529853125 0.50144053125 0.2669718125 0.48039606562500003 0.2752535921875 0.474133890625 0.283797421875 0.4916106953125 0.2905983671875
0 0.4130254671875 0.1957020875 0.43790851249999996 0.18656105 0.4652151546875 0.16973544375 0.48242104062499996 0.1623129203125 0.5028934703125 0.15773021874999998 0.517675759375 0.15799226718749998 0.5382836515625 0.160521296875 0.557830303125 0.1579313421875 0.5953731609374999 0.1388143828125 0.5954559875000001 0.1262972453125 0.5909099125 0.12374384375 0.580891984375 0.12062978906249999 0.5613453328125 0.12321974531249999 0.5501833375 0.12750384374999998 0.5386675953125 0.13008161406250002 0.5163436015625 0.1386498109375 0.5009892781249999 0.14208684062500002 0.48307589999999995 0.1460967046875 0.46260346874999997 0.1506794078125 0.416322209375 0.16639589531250001 0.3956314921875 0.176384003125 0.3851769875 0.1840807609375 0.386727434375 0.198017809375 0.4130254671875 0.1957020875
0 0.6292353328125 0.1794433015625 0.6475024578124999 0.1771397640625 0.67388331875 0.162306903125 0.66933724375 0.159753503125 0.6551269875 0.1557923765625 0.637213609375 0.1598022421875 0.61930023125 0.1638121078125 0.606151215625 0.164969965625 0.605714640625 0.17578077812499998 0.6292353328125 0.1794433015625