0 0.38534928281249997 0.9360889390624999 0.41057711875 0.9617459171875 0.4552412265625 0.9669463781250001 0.5166903890625 0.94092219375 0.5493324859375 0.9018123703125 0.5605341921875 0.8524286125 0.5535211296875 0.8149082421875 0.5009033781250001 0.777403396875 0.4536006171875 0.77955829375 0.4078254 0.80598989375 0.38650796718749997 0.8368783796875 0.3720680828125 0.8460013203125 0.3677564859375 0.8917430296875001 0.38534928281249997 0.9360889390624999
0 0.3057877109375 0.576798109375 0.3520520609375 0.574943746875 0.41001981875000004 0.5664063515625 0.4617445671875 0.5415486796875 0.464528621875 0.47153026875000004 0.4057908109375 0.45886757031250003 0.361518009375 0.4733289015625 0.32386696718749997 0.505648809375 0.30433286718749997 0.5211898781250001 0.29330168749999996 0.5441575609375 0.3057877109375 0.576798109375
0 0.91344484375 0.67283715 0.9426306562500001 0.687461090625 0.97048458125 0.6876392234375001 0.9836230953125 0.6803433328125 0.984094621875 0.6600846609375 0.981601025 0.651463503125 0.968089159375 0.6372469765625 0.913309328125 0.6135512421875 0.8910387500000001 0.6315322203125 0.8923706390625 0.6459780281249999 0.91344484375 0.67283715
0 0.5123555296875 0.408250625 0.5513510234375001 0.4085000109375 0.5734385109375 0.398811621875 0.5885254953125 0.3697263515625 0.5740730484375 0.360725809375 0.5368734500000001 0.3632524953125 0.5040231390625001 0.37440793437500003 0.496571190625 0.384804275 0.49800090781249995 0.40416552968749997 0.5123555296875 0.408250625
0 0.235943340625 0.47836216875000004 0.2535962765625 0.47325306562499997 0.3024014546875 0.4591278984375 0.3369372734375 0.42770959687500004 0.3373034578125 0.4111244140625 0.2916009421875 0.4062244875 0.27083278125 0.4122351984375 0.2414764390625 0.4240273359375 0.208345209375 0.4385599203125 0.20089326093749998 0.44895625937499994 0.2032635578125 0.46310153125 0.235943340625 0.47836216875000004
0 0.29941907031250004 0.3792429671875 0.31065846874999997 0.384229665625 0.34805371875 0.391533878125 0.36760038125 0.39411629375 0.4210357625 0.385242734375 0.4445278390625 0.358668628125 0.4292200734375 0.34167603125 0.41071182031250003 0.3387930765625 0.3815385671875 0.342292621875 0.34642835 0.3623417265625 0.3407597375 0.35739065000000003 0.320651240625 0.361562521875 0.29941907031250004 0.3792429671875
0 0.2509800765625 0.37678295156249997 0.283451640625 0.36408920624999996 0.288728946875 0.3493784890625 0.28268158906249996 0.3428891125 0.2458607375 0.3469541015625 0.2223560984375 0.3554047234375 0.2031029171875 0.3675686484375 0.1883821140625 0.3800687375 0.200476828125 0.3930474953125 0.2509800765625 0.37678295156249997
0 0.258028153125 0.328601334375 0.28532024218749996 0.335533753125 0.31231885 0.32771983125 0.329873959375 0.3176952796875 0.329861396875 0.299571790625 0.302667134375 0.29755482187500004 0.2812393109375 0.3054043703125 0.2726511296875 0.3111857984375 0.25443635625 0.3230491890625 0.258028153125 0.328601334375
0 0.442144978125 0.32639986875 0.4659305359375 0.31457210625 0.4670542078125 0.30106353124999996 0.448448128125 0.29326513125 0.42702030312500006 0.301114678125 0.4115420125 0.31053816093750003 0.40975867499999996 0.325885575 0.41920217343750005 0.328096203125 0.442144978125 0.32639986875
0 0.556028803125 0.346173121875 0.56252760625 0.322869278125 0.530043478125 0.317439534375 0.5086156546875 0.3252890859375 0.49427359531250004 0.3393274765625 0.489936871875 0.348822209375 0.50269125 0.359962128125 0.556028803125 0.346173121875
0 0.53210773125 0.2987149765625 0.5542077812499999 0.30715007499999997 0.5729969515625 0.30665588593750004 0.5919692125 0.2978691015625 0.5951697031250001 0.28375945625 0.5814747437500001 0.2778355203125 0.572409990625 0.277163196875 0.5571147875 0.2782940859375 0.540781178125 0.2797255109375 0.533512321875 0.281829259375 0.528796853125 0.2897856875 0.53210773125 0.2987149765625