0 0.016445015625 0.5330715796875001 0.0243100234375 0.55119299375 0.0421850421875 0.5602537 0.065065065625 0.564784053125 0.0800800796875 0.545152521875 0.0872300875 0.5194805203125 0.08079508125 0.49531863437499996 0.07221507187500001 0.477197221875 0.0672100671875 0.4651162796875 0.0321750328125 0.45454545468749996 0.027170026562499998 0.46058592656249997 0.021450020312500002 0.487768046875 0.016445015625 0.5330715796875001
0 0.16802516875 0.5255209921875 0.18161018125 0.5104198125 0.2002002 0.5089096953125 0.228085228125 0.5240108734375 0.258830259375 0.54062216875 0.284570284375 0.5255209921875 0.29601029687499997 0.49833887031249996 0.2981552984375 0.47115675 0.29243529218750003 0.4575656890625 0.28099528125 0.4590758078125 0.25168025156249996 0.47870733750000005 0.2273702265625 0.48474780937500006 0.20663520625 0.486257928125 0.183755184375 0.48474780937500006 0.165165165625 0.475687103125 0.153010153125 0.46209604375 0.1322751328125 0.44397462968749996 0.11440011406249999 0.44850498281249995 0.1051051046875 0.475687103125 0.0993850984375 0.5149501671875 0.1051051046875 0.555723346875 0.120835121875 0.564784053125 0.12441012343749999 0.56176381875 0.147290146875 0.5421322859375 0.16802516875 0.5255209921875
0 0.3603603609375 0.42283298125 0.372515371875 0.418302628125 0.3703703703125 0.3563877984375 0.37823537812499997 0.3201449703125 0.36322036406249997 0.30353367656249997 0.33176033125000004 0.299003321875 0.321035321875 0.3095741453125 0.3017303015625 0.32769556093749996 0.3024453015625 0.345816975 0.2995853 0.37299909375 0.296725296875 0.427363334375 0.3131703140625 0.4590758078125 0.3331903328125 0.44548474843749997 0.3374803375 0.43944427656249996 0.3603603609375 0.42283298125
0 0.324610325 0.604047115625 0.33176033125000004 0.6206584125 0.34391534375 0.62971911875 0.374660375 0.6312292375 0.3832403828125 0.60857746875 0.373945375 0.5889459390625 0.3617903609375 0.564784053125 0.3381953390625 0.5421322859375 0.32318032343750003 0.5376019328125 0.3174603171875 0.55874358125 0.324610325 0.604047115625
0 0.41112541093750005 0.557233465625 0.42399542500000004 0.5678042890625 0.4390104390625 0.5798852296875 0.459745459375 0.5919661734375 0.46975546875 0.6055572328125 0.48119548125 0.614617940625 0.49335049375000006 0.5874358203125001 0.484770484375 0.55874358125 0.4733304734375 0.5421322859375 0.43400543437500005 0.5376019328125 0.4104104109375 0.5270311078125001 0.39468039374999997 0.5209906359375001 0.41112541093750005 0.557233465625
0 0.5033605031249999 0.8788885546874999 0.5019305015625 0.9000302031249999 0.5019305015625 0.9196617343750001 0.5148005140625 0.9347629109375 0.5376805375 0.9408033828125 0.54983555 0.9347629109375 0.5619905609375 0.9000302031249999 0.553410553125 0.8758683171874999 0.5455455453125 0.8532165515625 0.534820534375 0.83660525625 0.5305305312499999 0.821504078125 0.5269555265625 0.8199939593750001 0.5126555125000001 0.81546360625 0.5033605031249999 0.8245243125 0.5033605031249999 0.8788885546874999
0 0.577720578125 0.9347629109375 0.58058058125 0.9513742078125 0.5941655953125 0.964965265625 0.609895609375 0.9604349140625 0.6220506218749999 0.952884325 0.63134563125 0.9498640890625 0.634205634375 0.9287224390625 0.63206063125 0.9136212625000001 0.6270556265625 0.9000302031249999 0.615615615625 0.8970099656249999 0.6056056062499999 0.9000302031249999 0.5955955953125 0.9060706749999999 0.584155584375 0.918151615625 0.584155584375 0.9166414984375001 0.577720578125 0.9257022046875001 0.577720578125 0.9347629109375
0 0.6763906765625001 0.8064028984375 0.6678106671874999 0.78526125 0.65637065625 0.774690425 0.6449306453125 0.774690425 0.6384956390625 0.78526125 0.6399256390625 0.8184838421875 0.6392106390625 0.8426457265625 0.6384956390625 0.8562367859375 0.6363506359375 0.8758683171874999 0.634205634375 0.889459378125 0.640640640625 0.9060706749999999 0.6449306453125 0.9136212625000001 0.6578006578125 0.9196617343750001 0.671385671875 0.9226819687500001 0.6792506796875 0.9166414984375001 0.6856856859375 0.89549985 0.683540684375 0.8652974921875 0.674960675 0.839625490625 0.6763906765625001 0.8064028984375
0 0.8186758187500001 0.3790395640625 0.7950807953125001 0.3911205078125 0.7950807953125001 0.398671096875 0.8079508078125001 0.43793415781249995 0.8193908203125 0.475687103125 0.8351208343750001 0.50135910625 0.8472758468749999 0.5134400484375 0.8658658656249999 0.5119299296875 0.872300871875 0.47115675 0.8737308734375 0.4560555734375 0.8615758625 0.42434310000000003 0.8479908484375 0.3941407421875 0.8394108390625 0.3835699171875 0.8186758187500001 0.3790395640625
0 0.975260975 0.8668076109375 0.9702559703125001 0.8773784359375 0.96882596875 0.9000302031249999 0.9724009718750001 0.9257022046875001 0.975260975 0.948353971875 0.98169598125 0.96194503125 1 0.9755360906250001 0.9952809953124999 0.8713379640625 0.9874159875 0.8652974921875 0.975260975 0.8668076109375
0 0.9409409406250001 0.8758683171874999 0.9302159296875001 0.859257021875 0.9073359062499999 0.848686196875 0.8894608906249999 0.8562367859375 0.8866008875 0.8773784359375 0.8866008875 0.9030504374999999 0.8973258968750001 0.9241920859375 0.9123409125 0.9347629109375 0.9202059203124999 0.9302325578125 0.93164593125 0.91211114375 0.9409409406250001 0.8758683171874999
0 0.7700557703124999 0.5315614609375 0.75075075 0.5225007546875 0.7300157296875 0.5255209921875 0.7200057203125 0.5360918156250001 0.7178607171875 0.563273934375 0.7200057203125 0.56931440625 0.7393107390625 0.5889459390625 0.7614757625 0.5844155828125001 0.76862576875 0.575354878125 0.7729157734375 0.545152521875 0.7700557703124999 0.5315614609375
0 0.050765051562499997 0.259740259375 0.04361504375 0.270311084375 0.0421850421875 0.28692238125 0.0486200484375 0.3020235578125 0.057915057812500004 0.3005134390625 0.0715000703125 0.291452734375 0.07221507187500001 0.2642706125 0.0622050625 0.2536997890625 0.050765051562499997 0.259740259375
0 0.1265551265625 0.2582301421875 0.120835121875 0.2370884921875 0.10796510781249999 0.2370884921875 0.10582010625 0.24010872968750002 0.1022451015625 0.259740259375 0.1072501078125 0.277861671875 0.11511511562500001 0.28390214375 0.12584012656250002 0.271821203125 0.1265551265625 0.2582301421875