0 0.50408920625 0.8367228796875 0.5120153671875001 0.9003939875 0.5501042640625 0.9351404921875 0.6001241687500001 0.9242711984374999 0.641447140625 0.9102753828125 0.6704536 0.8372682593749999 0.658891175 0.8011412312499999 0.6247569562499999 0.772495009375 0.6114518343750001 0.7794083328125 0.5712180484375 0.76650393125 0.5407871875 0.78129636875 0.50408920625 0.8367228796875
0 0.786312 0.7050314140625 0.8168769265625 0.6973050546875 0.8505083796875 0.665728621875 0.8530889421875001 0.633126428125 0.8359966890624999 0.609047215625 0.7723532468750001 0.5931854640625 0.769940234375 0.600895409375 0.7281312984375 0.60613910625 0.7172894750000001 0.624854690625 0.7676445984375 0.6991002984375 0.786312 0.7050314140625
0 0.7563668640625 0.45877716562500004 0.8072246328125001 0.45834602812499997 0.88030229375 0.44874804687500003 0.914687834375 0.44005589531249995 0.9235523156250001 0.4182901671875 0.8960539171875 0.4021664484375 0.8612661859375 0.389660359375 0.789813965625 0.40062244687500004 0.74849099375 0.41461826406249996 0.731499315625 0.4295634609375 0.7563668640625 0.45877716562500004
0 0.5625543640624999 0.461620275 0.5619343375 0.445802075 0.501977446875 0.4219084484375 0.4761547765625 0.426661040625 0.4445844390625 0.4488414921875 0.44867317812499996 0.46200786093749996 0.47327260156250006 0.47708940312500003 0.505379190625 0.48317327656250003 0.5625543640624999 0.461620275
0 0.33190982343750003 0.512823809375 0.32023013749999996 0.5211012359375 0.3063552765625 0.531708565625 0.300959509375 0.5508224578124999 0.3027190125 0.5592526453125 0.314097084375 0.5688013859375001 0.3263967953125 0.5763421578125001 0.34436039687500003 0.578901196875 0.37018306875 0.574148603125 0.37492532343749996 0.5711748390625 0.383873578125 0.5369629890625001 0.3821140765625 0.5285328015624999 0.3758301578125 0.5176963328124999 0.3478960859375 0.512332703125 0.33190982343750003 0.512823809375
0 0.75417156875 0.32620766562500003 0.7700740578125 0.33816268437499997 0.8096878171874999 0.33524888750000004 0.8236967390625001 0.3317076390625 0.8426657546874999 0.3198125859375 0.834756396875 0.30761201250000003 0.83093578125 0.30857780625000003 0.8053309484375 0.3079503578125 0.77024160625 0.3132704359375 0.7604051984375 0.317531925 0.75417156875 0.32620766562500003
0 0.44977904999999996 0.351678775 0.4394566796875 0.347188146875 0.4305419078125 0.34944166875 0.4101652921875 0.3545925734375 0.4011667484375 0.36929222031250003 0.4038478875 0.3757144375 0.42471046875 0.37931565156249997 0.45654893124999996 0.3712673625 0.44977904999999996 0.351678775
0 0.5909406749999999 0.2378955484375 0.5999057343749999 0.2551542328125 0.615104421875 0.2637371796875 0.638296240625 0.272074571875 0.66899523125 0.2714142953125 0.71278150625 0.269220740625 0.7175237578125 0.2662469765625 0.7105360390625 0.25203843593749997 0.6857187812500001 0.242336934375 0.6577847078125 0.23697330625 0.619310425 0.23249909062500002 0.5909406749999999 0.2378955484375
0 0.3836220171875 0.3045025578125 0.40781925 0.2983858578125 0.42099031093750006 0.2844064546875 0.411941478125 0.27959389375 0.3895875203125 0.28169465625 0.3653902875 0.28781135625 0.34756075000000003 0.2923183984375 0.3360151265625 0.30766190625 0.36544057812499997 0.30732356250000004 0.3836220171875 0.3045025578125
0 0.314197303125 0.203127590625 0.33189278125 0.1915544671875 0.3451979046875 0.184641146875 0.3655745203125 0.1794902421875 0.3841078609375 0.1783552734375 0.41551065 0.18106707187499999 0.441685221875 0.1780005140625 0.46645219375 0.168189809375 0.46236345156249997 0.1550234421875 0.44984590312500006 0.15286271406250002 0.42714004531249994 0.1532774375 0.37896341875 0.16013079375 0.3585868 0.1652817 0.3407572609375 0.1697887421875 0.3254747984375 0.173651921875 0.3018473046875 0.1760746140625 0.29038545625 0.1789719984375 0.2785717109375 0.18018334687499998 0.25982053125000004 0.18669835625 0.2519614625 0.194009990625 0.24884464843749998 0.198347859375 0.253855028125 0.20950625781249999 0.295446125 0.209642603125 0.314197303125 0.203127590625
0 0.22168146718749998 0.2673390453125 0.23915910624999998 0.26114596562500003 0.25904975937499997 0.24724294218749998 0.25439127968749997 0.2377705828125 0.2420077953125 0.2426759359375 0.22417825468750002 0.24718297812499998 0.20634871562499998 0.25169001875 0.19502093125 0.2616534828125 0.1919041171875 0.265991353125 0.22168146718749998 0.2673390453125