0 0.05376370625 0.541438365625 0.04316693125 0.5226710109375 0.0368633703125 0.5101106375 0.0029216703125 0.5021925640625 0.003010496875 0.517460378125 0.010020015625 0.6100394859375 0.01792264375 0.613422046875 0.0426395953125 0.6166985671874999 0.0570322984375 0.59470793125 0.062566040625 0.566803134375 0.05376370625 0.541438365625
0 0.23428927656249998 0.512033946875 0.2089051640625 0.5201442843749999 0.186959515625 0.523172353125 0.16248678125 0.52312133125 0.14196925 0.5147137359375 0.1279340109375 0.5010286515625 0.10440096406249999 0.48309096562500004 0.0857433578125 0.489149315625 0.0780488515625 0.5188132750000001 0.07513598906249999 0.561135215625 0.08452055 0.6042890421875 0.1019942515625 0.6128918515625 0.10555482187500001 0.60942233125 0.128318053125 0.5868948484375001 0.149042628125 0.5677392796875 0.1622797375 0.550684496875 0.181942515625 0.54780284375 0.21284091875 0.562026990625 0.24690525624999998 0.57766866875 0.2730786375 0.559784221875 0.283056015625 0.52997385 0.283140953125 0.5007979328125 0.275954328125 0.4866736109375 0.263901121875 0.48906722656249996 0.23428927656249998 0.512033946875
0 0.27807791875 0.45412578124999997 0.2981441921875 0.4868710453125 0.3183520234375 0.47098978125 0.3224293359375 0.46424595625 0.34543678125 0.444943971875 0.35800672968749997 0.43927605312500007 0.3507174515625 0.373299703125 0.35615739999999996 0.33405684999999996 0.3388341171875 0.317341484375 0.3049856796875 0.3146506078125 0.294426078125 0.326671921875 0.2753455234375 0.347342634375 0.27757177187500004 0.366646834375 0.2767258796875 0.395871553125 0.27807791875 0.45412578124999997
0 0.32204182812500004 0.640914209375 0.33099458125000003 0.6581664234375 0.3446634984375 0.66701325625 0.37750676250000004 0.6665274328125 0.38480663593750003 0.6417505296875 0.3733267953125 0.621419228125 0.358436803125 0.5964448906250001 0.3314936046875 0.57386416875 0.3151471828125 0.570050803125 0.31076903125 0.5930197390624999 0.32204182812500004 0.640914209375
0 0.40712919843749995 0.5528074578125 0.3898997125 0.5474301453125 0.4103323078125 0.5850136609375001 0.42488428906250003 0.5954244421875 0.44184124843749994 0.60730155625 0.4648858640625 0.6187882421875 0.4766382328125 0.6326197375 0.48954619062500004 0.641515375 0.500284528125 0.611656203125 0.4888329984375 0.5815995953125 0.4753145015625 0.5646402046875 0.43309553906250003 0.5624861765625 0.40712919843749995 0.5528074578125
0 0.5587809625 0.8590946875000001 0.5548540703125 0.8577259578125 0.539268603125 0.8538637859374999 0.5301088078125 0.864174740625 0.534504678125 0.922233753125 0.53469226875 0.9449098640625 0.536279665625 0.9658756187499999 0.5511979703125001 0.9811246484374999 0.576037028125 0.98601391875 0.5884848671875 0.97873325 0.5986126671875 0.940810325 0.5875274609375001 0.91559196875 0.5773253203125 0.8919375593750001 0.56456778125 0.8749293671875 0.5587809625 0.8590946875000001
0 0.6348660828125 0.9449675375 0.623667628125 0.9586504015624999 0.6235455203125 0.9570376546875 0.6174295515625 0.9671533906249999 0.618162196875 0.97682989375 0.622549209375 0.9943749296875 0.624969209375 0.9964885359375 0.6658207703125 0.99386851875 0.6668068296875 0.9931570453124999 0.6764550578125 0.9892970906249999 0.67778938125 0.966523371875 0.6742854328125001 0.9505422812500001 0.667859765625 0.93636915625 0.6554402374999999 0.933924521875 0.6450310531250001 0.9378332781250001 0.6348660828125 0.9449675375
0 0.6828063828125 0.9418928828125 0.6879826609374999 0.9496638078125 0.7021683203125 0.9552363375 0.716870721875 0.9575345593750001 0.7247528187500001 0.950546715625 0.729891928125 0.9275289765625001 0.72516690625 0.8954203796875 0.7139595921875 0.868589275 0.7127951421875001 0.833011159375 0.7019541499999999 0.8110183031249999 0.688924084375 0.800509915625 0.6767487703125 0.80129078125 0.6707549078125 0.81301926875 0.6749631875000001 0.8484021687500001 0.6761559515625 0.874254978125 0.6764939625 0.8888185328124999 0.6757984890625 0.9099306984375 0.6746145859375 0.9245918640624999 0.6828063828125 0.9418928828125
0 0.8789898375 0.41234508906249995 0.8620895000000001 0.3810173578125 0.8521032625 0.3703137546875 0.8296691828125 0.366890821875 0.80553445625 0.3814033578125 0.8061449953125001 0.38946711093749997 0.8230170187500001 0.43052014375000003 0.8382450218749999 0.4700580375 0.8570619031250001 0.4964011015625 0.8709750375 0.5084734375 0.890637815625 0.5055917796875 0.8941895265625 0.4616082875 0.8944903656250001 0.4453831765625 0.8789898375 0.41234508906249995
0 0.999966225 0.889140178125 0.9872086843749999 0.8721319843750001 0.9620033046875 0.8624044609375 0.9435899140625 0.871688315625 0.9422555921875 0.8944620359375 0.94433141875 0.9218787921875 0.95745528125 0.943725234375 0.9742901328125001 0.9539896015625 0.9822943375 0.94861450625 0.9930043640624999 0.9284806359375001 0.999966225 0.889140178125
0 0.79025695625 0.5330972765624999 0.7689784703125 0.524738484375 0.747154928125 0.529379303125 0.7373562812500001 0.5413518109375001 0.7372713453124999 0.5705277265625 0.740042646875 0.576832315625 0.7621758875 0.5964803640625 0.785399234375 0.5901291843750001 0.7922761609375 0.5799646421875 0.794399753125 0.5474168140625 0.79025695625 0.5330972765624999
0 0.0027547343750000002 0.29189909062499997 0.001708828125 0.2937226703125 0.00193971875 0.333409271875 0.003890875 0.3372025109375 0.013661209375 0.33495530625000003 0.027386749999999998 0.32435152968750003 0.0259497703125 0.29527321875 0.0144416171875 0.2846672234375 0.0027547343750000002 0.29189909062499997
0 0.0617996921875 0.2638035125 0.0597610375 0.26717542656250004 0.057543646875 0.2883852 0.0643356375 0.30739657343750004 0.07319459687499999 0.31331073125 0.08363209218749999 0.29967666875 0.08329408125 0.28511311093749997 0.075496921875 0.26292503906250003 0.0617996921875 0.2638035125