0 1 0.612363896875 0.994706790625 0.6074423171875 0.9392287515625 0.5815524671875 0.9056189078125 0.5775370625 0.8562628953125 0.5781875609375 0.8074938796875 0.5855502 0.764385921875 0.5924505421874999 0.7399383984375 0.606277115625 0.7120103359375001 0.6237679578125 0.7010861703125 0.6618404499999999 0.7048386343749999 0.7156146 0.72303724375 0.7715890703125 0.74530339375 0.8306114140625 0.7715533453125001 0.8808583421874999 0.80461763125 0.9220987015625 0.83231435625 0.9671574250000001 0.8338752578124999 0.9695649843749999 1 0.9559988171875 1 0.612363896875
0 0.6508479515625 0.8045245218750001 0.6464247546874999 0.73221495 0.5982643109375 0.6922073828124999 0.569665515625 0.691162796875 0.516745228125 0.6836542734375 0.5178147656250001 0.6632867140625 0.4673477734375 0.6403676859375 0.40274885625 0.6405729421874999 0.383081896875 0.643869015625 0.339764175 0.6592365796874999 0.32571598125 0.6941841531249999 0.30833399687499996 0.7344740265625 0.29894033593749997 0.7791816125000001 0.29868827656249997 0.8197626328125001 0.3003439578125 0.882158096875 0.310197728125 0.9405040515625 0.322295034375 0.991906715625 0.335167084375 0.9963030859374999 0.39596831093749996 0.9955956 0.40119335156249997 0.992223753125 0.417505796875 0.9723014390625 0.456630290625 0.994889734375 0.4936329625 0.9944591687500001 0.5085229953125 0.9699387968750001 0.5480666750000001 0.95487943125 0.6188722125 0.9169869265624999 0.625749559375 0.897835103125 0.6439283078125 0.8557901453125 0.6508479515625 0.8045245218750001
0 0.1295297953125 0.6240142890625 0.112525896875 0.60343263125 0.0858771359375 0.5920886921874999 0.0673004359375 0.5969857484375 0.0414061421875 0.616000525 0.0197891484375 0.6295959515625 0.0189630375 0.6310154296875 0.03370399375 0.7995739734375 0.0404186265625 0.8002931515625 0.069227184375 0.7928705171875 0.0798362765625 0.8055242968749999 0.0870071234375 0.7897285421875 0.14066201250000002 0.7295763484375 0.16179731875 0.6670097296875 0.15095774374999998 0.6408546265624999 0.1295297953125 0.6240142890625
0 0.61971896875 0.198660046875 0.5836558296875001 0.2100551453125 0.5655193796875 0.21998630624999999 0.555518003125 0.2360132078125 0.549961396875 0.2702673375 0.5517223875 0.2904037484375 0.5806353984375 0.316772946875 0.592397765625 0.32088245625 0.603719884375 0.3199578640625 0.614014759375 0.3072870328125 0.639909053125 0.28827225625 0.6855540421875 0.2777846984375 0.70790478125 0.27257944218749997 0.7265444953125 0.25753713125 0.7454777078125 0.24585088906250002 0.7677447125 0.2288223453125 0.7792765953125 0.21943052968750001 0.7860702078124999 0.18845541875 0.7827994312500001 0.1836524640625 0.75172661875 0.1760498390625 0.72872586875 0.1846882125 0.6933127421874999 0.19265019218749999 0.64708075625 0.1964256140625 0.61971896875 0.198660046875
0 0.445271528125 0.4748586875 0.4460052734375 0.483248859375 0.45204356562500003 0.497965921875 0.486890415625 0.505260346875 0.5139587046874999 0.4996698453125 0.5185717999999999 0.4654927640625 0.510289975 0.4577189890625 0.49917761875 0.45017636093749996 0.484081459375 0.4514091515625 0.45831319531250003 0.45013341718750005 0.45323913125 0.45730785156250003 0.445271528125 0.4748586875
0 0.6254189 0.47028750468749997 0.6246644359375 0.4399287890625 0.6041169828124999 0.43315665625 0.567173346875 0.434483546875 0.5636928046875 0.438147815625 0.55610243125 0.4708780078125 0.567675753125 0.5054232843750001 0.598434346875 0.4877012953125 0.6254189 0.47028750468749997
0 1 0.3745917453125 0.9925154734375001 0.2890083625 0.9682919359375 0.30539614843749996 0.9408671328124999 0.317775834375 0.9220176562500001 0.3412853703125 0.9314104593750001 0.3726286765625 0.9310539453125 0.379417859375 0.9294811468749999 0.404896571875 0.9604279281249999 0.4327897078125 0.9849168890625 0.462900221875 1 0.4751929125 1 0.3745917453125
0 0.83009924375 0.3116112609375 0.8138290921875001 0.2994197765625 0.806364746875 0.3118594625 0.7771159421875 0.31424799531250003 0.74409309375 0.31694472500000004 0.72601965625 0.316730628125 0.7152845359375 0.32436735781250003 0.7181357859374999 0.346104753125 0.7346364203125 0.3717975609375 0.7506968078125 0.392456265625 0.767260459375 0.40800381718749995 0.815609946875 0.417575621875 0.8436217453125 0.41190806875 0.85928418125 0.395418871875 0.8715290890625 0.37244868750000004 0.8550914687500001 0.33661062343750003 0.83009924375 0.3116112609375
0 0.3772775109375 0.3384497234375 0.35427675937499997 0.347088096875 0.3424513796875 0.3531238421875 0.3288227125 0.3711369765625 0.3265998984375 0.40004880624999994 0.32871740312500003 0.4133960296875 0.355282428125 0.4129166796875 0.3806734609375 0.39901305625 0.38885083125 0.3729949984375 0.3902976046875 0.367806796875 0.3772775109375 0.3384497234375
0 0.8226581859375001 0.11786682500000001 0.8255724499999999 0.1294589640625 0.8374185515624999 0.145391765625 0.8400393156250001 0.1536278375 0.85029189375 0.1730708046875 0.887822528125 0.17845604843750001 0.903358934375 0.1822573609375 0.9014926328125 0.204380003125 0.9234868609375001 0.2059639359375 0.9514356421875 0.21044164062499998 0.9501356203125001 0.217307875 0.97407988125 0.208592453125 0.976029915625 0.1982931 0.955398728125 0.1796976765625 0.9430493640625001 0.16887603125 0.9289597281249999 0.159886515625 0.9262552296875001 0.1398271546875 0.9130883859375001 0.10879204687499999 0.90262604375 0.0978162984375 0.8862928765625 0.095770071875 0.8721402296875 0.0969258140625 0.83658035 0.10320975937500002 0.8226581859375001 0.11786682500000001
0 0.4665561484375 0.185817440625 0.4896406328125 0.18900235625 0.50800756875 0.1925725203125 0.5430641859375 0.19139972656249998 0.5559168078125001 0.197110221875 0.5644083984375 0.1964167765625 0.5810980781249999 0.19167381875 0.5895059328125 0.179157084375 0.5878916921874999 0.1606987078125 0.5541143796875 0.13303672187499999 0.5392279859375 0.12580229062499998 0.519414278125 0.1274203296875 0.48444139843749995 0.1404164125 0.46833871406250005 0.1518715078125 0.460434121875 0.1592770875 0.4579808234375 0.17468759375 0.4665561484375 0.185817440625
0 0.5234999671875 0.3805894109375 0.53350134375 0.3645625078125 0.5371916484375 0.3524310203125 0.533040378125 0.337559859375 0.5245487890625 0.3382533046875 0.5028480609375 0.340025440625 0.47861030156249995 0.3453847953125 0.47143945625 0.361180546875 0.4670361234375 0.3868904078125 0.4724874203125 0.3948953328125 0.4941881453125 0.393123196875 0.51827915625 0.38608580937500003 0.5234999671875 0.3805894109375
0 0.142426425 0.44550920625 0.12718351875 0.4450639625 0.11143734999999999 0.44972987187499996 0.0989619578125 0.45919873281249995 0.08757682343749999 0.47026858281250006 0.0801124765625 0.48270826875 0.0884780390625 0.5023053328125 0.10227417187500001 0.5079387765625001 0.1189638515625 0.50319581875 0.142111353125 0.49623548125 0.1532029875 0.481809565625 0.15594978125 0.469755128125 0.15571929843750001 0.4562538046875 0.1474374734375 0.448480028125 0.142426425 0.44550920625
0 0.007411782812499999 0.4246207390625 0.0083293328125 0.47718717968749996 0.028492212500000003 0.46833350781250005 0.0306520109375 0.4495669359375 0.030568276562500003 0.4377436453125 0.0232299609375 0.4298928203125 0.008490315625 0.4243364234375 0.007411782812499999 0.4246207390625
0 0.2109046953125 0.402736696875 0.209898171875 0.412959 0.2093318953125 0.4282154078125 0.23017284531249999 0.4383436109375 0.2552911 0.443052465625 0.265879471875 0.4337376984375 0.2710165515625 0.41641801093749997 0.2678087890625 0.4014698015625 0.2582899546875 0.39041700625 0.24747109687500002 0.386230446875 0.236945740625 0.38539995312499997 0.21945929999999997 0.3918979953125 0.2109046953125 0.402736696875