0 0.7637923515625 0.6127868796875 0.739270165625 0.6257924578125 0.7111516765625 0.6422957 0.698216890625 0.679066259375 0.6985155640625 0.73132764375 0.712661590625 0.7859704375 0.730556015625 0.8436408999999999 0.7528507546875 0.8928609515625 0.782300075 0.9334543375000001 0.7998838359375 0.9658213140624999 0.9885635703125001 0.9537473593750001 0.9922405515625 0.63774831875 0.9858118328125001 0.6312547625 0.9337145250000001 0.605180784375 0.9014293765625 0.6007117078124999 0.8536127984374999 0.6005040453125 0.8059483140625 0.6068217140625001 0.7637923515625 0.6127868796875
0 0.6407410859375 0.816713009375 0.6409422390625 0.7464482203125 0.596803525 0.7067948328125 0.5691848625 0.7052946703125 0.518423903125 0.697106596875 0.520721878125 0.6773543609375 0.47329105312499997 0.6542492953125 0.41074705624999996 0.6533502999999999 0.39150524999999997 0.6562153859375 0.3486213171875 0.6703959640625 0.332856225 0.704080109375 0.313532853125 0.742893253125 0.30166824999999997 0.7861303937499999 0.298908471875 0.8255173687499999 0.2966430015625 0.8861116625 0.3025642671875 0.9429145437500001 0.310680375 0.99062155 0.393197203125 0.9882205546874999 0.40446642656250004 0.9756040140625 0.42341543125000003 0.9873412953124999 0.48549244218750004 0.9855350375 0.49271686406250004 0.9748580046875001 0.5319284468750001 0.9609124265625001 0.6028167921875001 0.9253346078125 0.610661315625 0.906861203125 0.630864753125 0.866357978125 0.6407410859375 0.816713009375
0 0 0.7626952921875 0.0003645953125 0.7783375296874999 0.0008833921874999999 0.7808716734375001 0.02429185625 0.7989789109375 0.05011236718749999 0.8022279078125001 0.07845899687499999 0.795512659375 0.08794405937500001 0.8079758171875 0.09586462968750001 0.7927650749999999 0.1515312515625 0.7352886062499999 0.1758688359375 0.67491564375 0.1669976734375 0.649343075 0.14729958125 0.6326321734375 0.13211587656249998 0.612364853125 0.107023334375 0.600900446875 0.0887376375 0.6053381109375 0.0624933484375 0.6233551859375 0.040725421875 0.6361845140625 0.009657035937499999 0.6839180687499999 0.0016984421875 0.6974974781250001 0 0.7028720140625 0 0.7626952921875
0 0.648168540625 0.22808213593749999 0.6125532625 0.23853005 0.5943816375 0.2478617125 0.5837068046875 0.2632487046875 0.5762044953125 0.2964041 0.57666078125 0.3159800875 0.603013625 0.342067734375 0.614144740625 0.34625673125 0.6251617859375 0.34555172968750003 0.6359126671875 0.33342740625 0.66215695625 0.3154103296875 0.7069911328125 0.3060062484375 0.7289491781249999 0.3013335828125 0.7479248171874999 0.28704917343749997 0.7669765046875 0.27602743125 0.7895864718750001 0.2598766890625 0.8013314875 0.250956275 0.809827928125 0.22100479375 0.8069595968750001 0.2162870453125 0.7773526656249999 0.208379053125 0.75455258125 0.21637313749999998 0.7197793421875 0.2234996328125 0.67479306875 0.22637838437500002 0.648168540625 0.22808213593749999
0 0.46218200625000005 0.4932174 0.462372125 0.5013740609374999 0.46730477343750004 0.515762303125 0.5005840546875 0.5234352953125 0.5271325328125 0.518468878125 0.5337167578125 0.48537223125000006 0.5261819390625 0.47768557187500005 0.5158928625 0.4701751609375 0.50120346875 0.47111516093750005 0.4763390671875 0.46943874843750005 0.47098263906250004 0.47631657812499995 0.46218200625000005 0.4932174
0 0.6368467078125 0.491842884375 0.63799845625 0.46236140312499996 0.61852850625 0.45543849375 0.5826850828125 0.4560984125 0.5790887828125 0.459596078125 0.569712275 0.4912376421875 0.5787735578125 0.5249668671875 0.6096463078125 0.508287378125 0.6368467078125 0.491842884375
0 0.9383325453125 0.40883341093750003 0.935230553125 0.43353839531249994 0.9634575968749999 0.4611398734375 0.9852960515625 0.4907839375 0.9938628359375 0.49832954375 0.994283528125 0.46217542500000003 0.9911996343749999 0.32986719999999997 0.9789675593749999 0.337614953125 0.9516530859375001 0.349165446875 0.931949475 0.37166526875 0.9390985390625 0.40224933281249997 0.9383325453125 0.40883341093750003
0 0.8448127640624999 0.3412984625 0.8298191765625 0.32918780625 0.821822559375 0.3411358828125 0.7933618578125 0.34295713437500003 0.76122880625 0.34501338593750003 0.743747125 0.344498303125 0.7328821750000001 0.351728634375 0.734294571875 0.37287720156250004 0.748674259375 0.3980972703125 0.7629398734375 0.41842333906249995 0.7780095078125 0.4337966578125 0.82421805625 0.4439098171875 0.851684621875 0.43888465 0.8678679765625 0.4231451578125 0.881144975 0.4010565890625 0.8674552343749999 0.365989778125 0.8448127640624999 0.3412984625
0 0.4048208671875 0.359651740625 0.382020784375 0.367645821875 0.370199721875 0.3733035703125 0.355890565625 0.39055689375 0.351946534375 0.4185832921875 0.3531688109375 0.4315752 0.3789132734375 0.43156153125 0.40435355 0.418497203125 0.41388214999999995 0.39338096875 0.41560425468749995 0.3883694703125 0.4048208671875 0.359651740625
0 0.8988173703125 0.1336219265625 0.8640061078124999 0.139117090625 0.8496209015625 0.1531077515625 0.8517232437500001 0.1644095765625 0.8622024390625 0.1800766484375 0.8642287312500001 0.188115809375 0.8729478015625001 0.207163046875 0.9089433187499999 0.2130284578125 0.9237467859375 0.21698245468750002 0.9205687453125 0.23842477187500002 0.9417607984374999 0.2403361875 0.9685374203125001 0.2451577640625 0.9668533421875001 0.25180059374999997 0.98920315625 0.2442123484375 0.9888635750000001 0.2296432953125 0.9742796046875 0.21538253125 0.962996390625 0.204668209375 0.949915028125 0.1957027140625 0.9485406578125 0.1761854765625 0.9377192453125 0.1458364140625 0.928272209375 0.1350045875 0.9125886781249999 0.132740675 0.8988173703125 0.1336219265625
0 0.500704240625 0.21301216093750003 0.522852403125 0.21649615781249998 0.54041013125 0.2202739015625 0.5744173796875 0.219731484375 0.58650460625 0.22549305937500003 0.5947673906250001 0.2249643109375 0.6112169140625 0.220644146875 0.62013161875 0.20863731875 0.6197133578125 0.19069266406250002 0.588732053125 0.16326743593749998 0.5747706265625 0.155992025 0.5554907984375 0.15722577499999998 0.5208316281250001 0.1692462703125 0.504534203125 0.1800917671875 0.4964235125 0.18714584375 0.4930933765625 0.20206283281249998 0.500704240625 0.21301216093750003
0 0.543750703125 0.40304186875000003 0.5544255359375 0.387654878125 0.5587498046875 0.3759418015625 0.5556533296875 0.361436059375 0.54739054375 0.3619648109375 0.526274540625 0.3633160625 0.502480321875 0.3681062265625 0.49455974999999996 0.383316965625 0.4887034953125 0.408198203125 0.49348405 0.4160611140625 0.51460005625 0.4147098640625 0.53835625 0.408288365625 0.543750703125 0.40304186875000003
0 0.170849703125 0.45957978125 0.156122284375 0.45888845 0.14059085 0.46314986718749995 0.12792775 0.472129028125 0.1162207578125 0.48268077187499997 0.10822413906249999 0.49462884999999995 0.115107034375 0.5137935875 0.1281123515625 0.5194964140625 0.1445618703125 0.5151762484375 0.1673999796875 0.5088135 0.179030921875 0.4949990921875 0.18243710468750002 0.48334476562499995 0.1830510015625 0.4702353578125 0.1755161859375 0.4625486953125 0.170849703125 0.45957978125
0 0 0.492610971875 0.0024920203125 0.494859775 0.0309147 0.4914071890625 0.059147259375000004 0.47979794375000007 0.0624013453125 0.46161829218749995 0.06305326875 0.45014021406250004 0.056436537499999995 0.442394803125 0.042513134375 0.436750725 0.024227440625 0.441188390625 0.0078159421875 0.4471398890625 0 0.450268340625 0 0.492610971875
0 0.23978780624999999 0.41922546718750003 0.238179771875 0.42913096250000005 0.23668581249999998 0.44393045156250005 0.256231809375 0.4541160265625 0.2802541703125 0.45911385625 0.291081096875 0.4502521921875 0.29712747031250003 0.433527621875 0.2949490828125 0.41896312968749994 0.2864201296875 0.40807255312499996 0.27620710000000004 0.4038248078125 0.26607011875 0.40283972500000004 0.24874053125 0.40884997343749996 0.23978780624999999 0.41922546718750003